=======================================
1714764137   1714764139   2  02 01 06 12 FF 39 06 A4 01 64 01 01 00 FF A5 12 A9 3F 23 AC 21 10
1714764138   1714764140   2  02 01 06 15 FF 39 06 A4 00 01 00 02 00 01 01 00 02 A5 12 A9 3F 23 AC AE 10
1714764139   1714764141   2  02 01 06 12 FF 39 06 A4 01 64 01 01 00 FF A5 12 A9 3F 23 AC 21 10
1714764140   1714764142   2  02 01 06 15 FF 39 06 A4 00 01 00 02 00 01 01 00 02 A5 12 A9 3F 23 AC AE 10
1714764141   1714764143   2  02 01 06 12 FF 39 06 A4 01 64 01 01 00 FF A5 12 A9 3F 23 AC 21 10
1714764143   1714764144   1  02 01 06 12 FF 39 06 A4 01 64 01 01 00 FF A5 12 A9 3F 23 AC 21 10
1714764144   1714764145   1  02 01 06 15 FF 39 06 A4 00 01 00 02 00 01 01 00 02 A5 12 A9 3F 23 AC AE 10
1714764144   1714764146   2  02 01 06 12 FF 39 06 A4 01 64 01 01 00 FF A5 12 A9 3F 23 AC 21 10
1714764145   1714764147   2  02 01 06 15 FF 39 06 A4 00 01 00 02 00 01 01 00 02 A5 12 A9 3F 23 AC AE 10
1714764146   1714764148   2  02 01 06 12 FF 39 06 A4 01 64 01 01 00 FF A5 12 A9 3F 23 AC 21 10
1714764147   1714764149   2  02 01 06 15 FF 39 06 A4 00 01 00 02 00 01 01 00 02 A5 12 A9 3F 23 AC AE 10
1714764148   1714764150   2  02 01 06 12 FF 39 06 A4 01 64 01 01 00 FF A5 12 A9 3F 23 AC 21 10
1714764149   1714764151   2  02 01 06 15 FF 39 06 A4 00 01 00 02 00 01 01 00 02 A5 12 A9 3F 23 AC AE 10
1714764150   1714764152   2  02 01 06 12 FF 39 06 A4 01 64 01 01 00 FF A5 12 A9 3F 23 AC 21 10
1714764151   1714764153   2  02 01 06 12 FF 39 06 A4 01 64 01 01 00 FF A5 12 A9 3F 23 AC 21 10
1714764151   1714764153   2  02 01 06 15 FF 39 06 A4 00 01 00 02 00 01 01 00 02 A5 12 A9 3F 23 AC AE 10
1714764152   1714764154   2  02 01 06 15 FF 39 06 A4 00 01 00 02 00 01 01 00 02 A5 12 A9 3F 23 AC AE 10
1714764152   1714764154   2  02 01 06 12 FF 39 06 A4 01 64 01 01 00 FF A5 12 A9 3F 23 AC 21 10
1714764153   1714764154   1  02 01 06 12 FF 39 06 A4 01 64 01 01 00 FF A5 12 A9 3F 23 AC 21 10
1714764153   1714764154   1  02 01 06 15 FF 39 06 A4 00 01 00 02 00 01 01 00 02 A5 12 A9 3F 23 AC AE 10
1714764154   1714764155   1  02 01 06 15 FF 39 06 A4 00 01 00 02 00 01 01 00 02 A5 12 A9 3F 23 AC AE 10
1714764155   1714764156   1  02 01 06 12 FF 39 06 A4 01 64 01 01 00 FF A5 12 A9 3F 23 AC 21 10
1714764155   1714764157   2  02 01 06 15 FF 39 06 A4 00 01 00 02 00 01 01 00 02 A5 12 A9 3F 23 AC AE 10
1714764155   1714764157   2  02 01 06 12 FF 39 06 A4 01 64 01 01 00 FF A5 12 A9 3F 23 AC 21 10
1714764156   1714764158   2  02 01 06 12 FF 39 06 A4 01 64 01 01 00 FF A5 12 A9 3F 23 AC 21 10
1714764156   1714764158   2  02 01 06 15 FF 39 06 A4 00 01 00 02 00 01 01 00 02 A5 12 A9 3F 23 AC AE 10
1714764157   1714764159   2  02 01 06 15 FF 39 06 A4 00 01 00 02 00 01 01 00 02 A5 12 A9 3F 23 AC AE 10
1714764157   1714764159   2  02 01 06 12 FF 39 06 A4 01 64 01 01 00 FF A5 12 A9 3F 23 AC 21 10
1714764158   1714764160   2  02 01 06 15 FF 39 06 A4 00 01 00 02 00 01 01 00 02 A5 12 A9 3F 23 AC AE 10
1714764159   1714764161   2  02 01 06 12 FF 39 06 A4 01 64 01 01 00 FF A5 12 A9 3F 23 AC 21 10
1714764160   1714764162   2  02 01 06 15 FF 39 06 A4 00 01 00 02 00 01 01 00 02 A5 12 A9 3F 23 AC AE 10
1714764161   1714764163   2  02 01 06 12 FF 39 06 A4 01 64 01 01 00 FF A5 12 A9 3F 23 AC 21 10
1714764162   1714764164   2  02 01 06 15 FF 39 06 A4 00 01 00 02 00 01 01 00 02 A5 12 A9 3F 23 AC AE 10
1714764163   1714764165   2  02 01 06 12 FF 39 06 A4 01 64 01 01 00 FF A5 12 A9 3F 23 AC 21 10
1714764164   1714764165   1  02 01 06 15 FF 39 06 A4 00 01 00 02 00 01 01 00 02 A5 12 A9 3F 23 AC AE 10
1714764165   1714764166   1  02 01 06 12 FF 39 06 A4 01 64 01 01 00 FF A5 12 A9 3F 23 AC 21 10
1714764165   1714764167   2  02 01 06 15 FF 39 06 A4 00 01 00 02 00 01 01 00 02 A5 12 A9 3F 23 AC AE 10
1714764166   1714764168   2  02 01 06 12 FF 39 06 A4 01 64 01 01 00 FF A5 12 A9 3F 23 AC 21 10
1714764167   1714764169   2  02 01 06 15 FF 39 06 A4 00 01 00 02 00 01 01 00 02 A5 12 A9 3F 23 AC AE 10
1714764168   1714764170   2  02 01 06 12 FF 39 06 A4 01 64 01 01 00 FF A5 12 A9 3F 23 AC 21 10
1714764169   1714764171   2  02 01 06 15 FF 39 06 A4 00 01 00 02 00 01 01 00 02 A5 12 A9 3F 23 AC AE 10
1714764170   1714764172   2  02 01 06 12 FF 39 06 A4 01 64 01 01 00 FF A5 12 A9 3F 23 AC 21 10
1714764171   1714764173   2  02 01 06 15 FF 39 06 A4 00 01 00 02 00 01 01 00 02 A5 12 A9 3F 23 AC AE 10
1714764172   1714764174   2  02 01 06 15 FF 39 06 A4 00 01 00 02 00 01 01 00 02 A5 12 A9 3F 23 AC AE 10
1714764172   1714764174   2  02 01 06 12 FF 39 06 A4 01 64 01 01 00 FF A5 12 A9 3F 23 AC 21 10
1714764173   1714764175   2  02 01 06 12 FF 39 06 A4 01 64 01 01 00 FF A5 12 A9 3F 23 AC 21 10
1714764173   1714764175   2  02 01 06 15 FF 39 06 A4 00 01 00 02 00 01 01 00 02 A5 12 A9 3F 23 AC AE 10
1714764174   1714764175   1  02 01 06 15 FF 39 06 A4 00 01 00 02 00 01 01 00 02 A5 12 A9 3F 23 AC AE 10
1714764174   1714764175   1  02 01 06 12 FF 39 06 A4 01 64 01 01 00 FF A5 12 A9 3F 23 AC 21 10
1714764175   1714764176   1  02 01 06 12 FF 39 06 A4 01 64 01 01 00 FF A5 12 A9 3F 23 AC 21 10
1714764175   1714764176   1  02 01 06 15 FF 39 06 A4 00 01 00 02 00 01 01 00 02 A5 12 A9 3F 23 AC AE 10
1714764176   1714764177   1  02 01 06 15 FF 39 06 A4 00 01 00 02 00 01 01 00 02 A5 12 A9 3F 23 AC AE 10
1714764176   1714764177   1  02 01 06 12 FF 39 06 A4 01 64 01 01 00 FF A5 12 A9 3F 23 AC 21 10
1714764176   1714764178   2  02 01 06 12 FF 39 06 A4 01 64 01 01 00 FF A5 12 A9 3F 23 AC 21 10
1714764176   1714764178   2  02 01 06 15 FF 39 06 A4 00 01 00 02 00 01 01 00 02 A5 12 A9 3F 23 AC AE 10
1714764177   1714764179   2  02 01 06 15 FF 39 06 A4 00 01 00 02 00 01 01 00 02 A5 12 A9 3F 23 AC AE 10
1714764177   1714764179   2  02 01 06 12 FF 39 06 A4 01 64 01 01 00 FF A5 12 A9 3F 23 AC 21 10
1714764178   1714764180   2  02 01 06 12 FF 39 06 A4 01 64 01 01 00 FF A5 12 A9 3F 23 AC 21 10
1714764178   1714764180   2  02 01 06 15 FF 39 06 A4 00 01 00 02 00 01 01 00 02 A5 12 A9 3F 23 AC AE 10
1714764179   1714764181   2  02 01 06 15 FF 39 06 A4 00 01 00 02 00 01 01 00 02 A5 12 A9 3F 23 AC AE 10
1714764180   1714764182   2  02 01 06 12 FF 39 06 A4 01 64 01 01 00 FF A5 12 A9 3F 23 AC 21 10
1714764180   1714764182   2  02 01 06 15 FF 39 06 A4 00 01 00 02 00 01 01 00 02 A5 12 A9 3F 23 AC AE 10
1714764181   1714764183   2  02 01 06 12 FF 39 06 A4 01 64 01 01 00 FF A5 12 A9 3F 23 AC 21 10
1714764182   1714764184   2  02 01 06 15 FF 39 06 A4 00 01 00 02 00 01 01 00 02 A5 12 A9 3F 23 AC AE 10
1714764183   1714764185   2  02 01 06 12 FF 39 06 A4 01 64 01 01 00 FF A5 12 A9 3F 23 AC 21 10
1714764184   1714764185   1  02 01 06 15 FF 39 06 A4 00 01 00 02 00 01 01 00 02 A5 12 A9 3F 23 AC AE 10
1714764185   1714764186   1  02 01 06 12 FF 39 06 A4 01 64 01 01 00 FF A5 12 A9 3F 23 AC 21 10
1714764186   1714764187   1  02 01 06 15 FF 39 06 A4 00 01 00 02 00 01 01 00 02 A5 12 A9 3F 23 AC AE 10
1714764186   1714764188   2  02 01 06 12 FF 39 06 A4 01 64 01 01 00 FF A5 12 A9 3F 23 AC 21 10
1714764187   1714764189   2  02 01 06 15 FF 39 06 A4 00 01 00 02 00 01 01 00 02 A5 12 A9 3F 23 AC AE 10
1714764188   1714764190   2  02 01 06 12 FF 39 06 A4 01 64 01 01 00 FF A5 12 A9 3F 23 AC 21 10
1714764189   1714764191   2  02 01 06 15 FF 39 06 A4 00 01 00 02 00 01 01 00 02 A5 12 A9 3F 23 AC AE 10
1714764190   1714764192   2  02 01 06 12 FF 39 06 A4 01 64 01 01 00 FF A5 12 A9 3F 23 AC 21 10
